186016
276936
286980
108251
25949862
224000
65528
85491
186103
287035
25643328
362996
176053
30590559
27867140
186005
118261
299116
108242
209758
188057
189315
186560
186010
108914
126946
72408
299757
328076
185912
187374
31473269
277302
186001
97357
25714352
368764
65681
28949444
209121
25640781
308353
208938
151985
110452
167975
185924
191232
347230
120255
346576
63650
287719
30621954
142604
186345
374605
287063
65538
63787
186046
139377
156193
65800
298213
32785700
5260494
27836179
29814898
25640778
256468
29818120
25706279
86367
25788001
185821
185868
25642125
27747328
27955653
92939
26620756
185699
4875074
432509483
188432
247579
30903117
5240550
326965
25706282
326990
33911781
