470365753
418326527
442837051
420134142
34766562
28029104
28427769
28819878
408332846
409941438
28111109
445703210
27949010
28012045
27949009
27907670
402073803
28427775
437859518
440208430
28191534
28844081
210212
28427777
31134241
33248244
445703211
27808787
31877395
29734318
28068534
27896081
28892385
445703207
28191533
25723155
28819832
440353162
400875272
438801570
28391021
406073006
440355117
29755056
440357123
28191532
435289234
286602
437859519
28111113
434070766
411988502
28391018
29783016
27927866
404459827
