515803379
186055
394485
516224840
26142919
471385043
468513829
27483167
176062
64677
277302
165522
474922552
28793187
176093
167912
25641640
150667
65528
189313
299936
63650
474567044
190072
186016
256468
27955653
307684
486348847
167916
176053
189986
25640778
287063
109237
29572689
109301
110097
167796
25641873
29814898
169185
306920
28481818
30590559
209914
229546
432509882
327002
444524549
443876167
210089
274686
25643240
306575
434550872
5243349
25640828
233880
25638106
247810
5247677
240129
274700
400161588
176813
210019
27836035
29848614
254639
26188043
185821
36492751
5255548
205342
5260494
306664
406346026
28828406
22740077
167959
307525
254747
5246622
230393
255294
254328
297495
26260078
10308019
22854067
224000
36492860
189545
189236
35447858
255677
307103
327419
205451
27937072
287879
108242
28285910
109729
26113996
327133
299601
28191529
