416892296
432506367
30814948
438431324
29783016
434070771
456167591
410161204
503623076
481519556
26494530
407002483
435996108
452612088
453297323
41641570
36895430
468882985
410042104
33378325
33166065
418257910
399410918
31877581
27770540
25714352
413831749
461257827
444269912
439138075
512359558
25727660
29755058
450226742
416388594
29600714
408307966
33856567
399353380
410161283
411349440
452818051
33361149
33419432
28819878
35617837
409654891
34609166
438306457
31134193
28191532
26429022
33418862
35476734
447202288
102190
32450986
33544375
28643203
25650033
446944022
457640645
29848478
