425053743
419374177
419837616
436514312
419373910
491313907
437755443
348025
29005875
31134731
28940204
30967307
29819441
32957955
423104856
26494698
192333
452997361
442314991
28786394
473940941
412319476
32288378
41640165
491294068
350838
29805698
485607853
28288557
28053528
32217107
168053
465007779
447926067
29567188
428642270
65454
473787829
482636194
167802
27612537
411314659
425710318
34775188
441619006
376107
29588431
413831328
422429521
429769080
34380395
149184
27867140
35031749
407002091
5234860
35476025
448365260
192335
306855
469073823
119920
319640
443643899
432506345
30051774
29436904
27646205
382194
33419478
441120671
208920
297748
490602750
455658623
418602584
419837712
434974723
27591444
466247161
26508186
460228617
105886
478754123
427606481
471741341
32845031
472948188
468820482
28568227
417859566
306672
25657384
29588564
33709146
29535531
423776484
29593807
28935312
26508232
28935309
455487482
348074
410042507
