491695528
5281253
30432204
158655
167933
185982
209758
4875244
108263
233866
28234607
400876304
86842
451113441
25638240
22740077
424474214
399353390
113914
449577226
28668277
30148175
109496
29716090
110207
486188216
26113988
210279
93492
307566
108260
108265
383073
31877080
186145
26584742
28190492
300129
287575
25657147
287569
285005
479422094
29436904
189243
458725145
27867449
306709
316580
65198
316855
67001
191126
316654
328295
26129182
31134193
190042
188491
287035
408332848
33162226
428642856
208889
406086764
28815250
407677628
28314026
400875269
25727803
402070840
209529
403710393
210674
328002
176813
210212
186345
159967
327096
28191533
239188
229413
139392
210281
239059
186843
228755
482999668
186016
25714352
208938
280120
167916
276904
142647
29953242
29771231
297711
188429
461257827
32507038
10308019
34228128
31134197
92613
407840732
407759451
194769
28341638
28029104
299757
407007444
108463
31877244
400075279
29450548
186160
31877243
299601
167921
287063
209622
300066
