425684164
28254853
18611513
1697675
5113327
460043710
1697653
1299217
18611656
17950509
1617362
28692519
30512381
18161816
18940303
1643096
475174161
1704213
438462713
26636121
424995314
3955689
28394558
449577802
33544627
26470630
18602293
28359949
472050282
4330176
430315596
1921734
17214005
35956873
32364027
28953952
418602619
5038907
18602345
28778562
417250724
29722661
18637992
28747428
28143753
22551663
28391404
17982528
39122745
27754190
22222204
37722904
29722689
28612195
27506803
33991219
467164485
1039333
29418350
2001320
3404721
36496695
28352984
4380582
1609689
25964510
986444
19091872
18036485
25657279
28613251
466089220
16667368
26284002
483024223
39122752
1077407
29483185
1933598
26177038
27583241
5053289
30841780
1751796
17990606
27588467
28497537
476324589
1611005
407927991
482395086
17800978
19675491
17079835
27588766
17566000
26679470
21157115
437802479
2001321
17386600
3987106
