27646196
28940200
26508232
419250769
477251425
486188245
406000625
28095367
247416
440767309
31890233
416384215
496944231
450567505
5255798
515761306
502103677
490106148
419375386
41634014
467675716
472944238
33166602
450853439
487587200
434070103
492220079
35476188
29715549
468877074
493042772
487587158
137703
420401008
406000222
445844493
31152310
155753
485305317
488667582
25864547
472146762
447925066
489667888
437250630
453052837
487587279
489046617
468909523
5267292
28656170
28481077
32083439
29777653
478731583
191261
27646197
417594432
486047302
29715553
411755887
209216
32628199
174620
175246
423015827
463973320
36897909
190130
28547429
29810335
417247057
26343176
26494704
35476030
473088277
434022382
28310935
29850546
399954010
36117640
406347704
34183367
421885219
491294068
29429425
410715806
28234604
31134734
29429907
472278684
488647967
364821
32217079
489997417
208904
475072295
28912759
484030934
29810311
