26145721
32432316
417596246
159929
411921863
25867005
437755447
34183450
427016017
253969
431795880
439646248
192335
41640165
293649
479105874
420401286
413188382
35476029
422429521
29764502
39224818
27646196
29850531
110236
32957827
31544509
419837187
427606461
468878048
30051774
293651
202727
38576323
430026599
407759451
34376244
29535531
423058372
416890050
28940200
488647967
29850551
475072295
34183335
406000813
422428964
326708
423776484
29713190
155755
29850546
411315552
29593805
412175360
33920046
447925066
415090228
490602330
479403036
