202369
35090368
475279993
108119
31445554
29371209
424495559
436514312
408814900
28310938
29567189
407761576
35476048
450289445
27646196
30431367
30635613
402070790
419373910
29567188
32628199
417595384
41664645
38582036
28310923
484849174
469156977
478728184
167751
135085
486189145
167802
134115
29567185
452997361
27646205
105882
421563717
28310930
449578813
41664790
41640165
29724295
156154
404465600
29572804
34380395
473940941
168089
202373
27646786
29769321
274859
421563711
421563714
34380998
168091
447925063
29436904
37782009
25657384
31445772
26508186
175969
29535531
437608773
351303
475072295
29588955
33599118
167975
38576323
28815250
26090100
424495049
415793652
28310921
28656174
35566025
453872166
30431366
423776484
40257975
29843288
421091989
29588702
486188245
400074239
450853439
33166602
29567193
25867006
32272627
32785269
29371179
460542191
247172
479219330
25867002
166949
39637773
442030816
28310924
