247416
490033991
500909764
167553
490595932
468252710
466795225
416385891
486228042
28095356
28587882
28138269
139359
28547432
187954
26508240
176056
155753
25864380
498814637
29005959
437755443
139494
363319
192336
32807844
26343192
5240789
293649
191249
148869
135079
174082
25913541
202725
93562
351059
67274
28381611
202368
27514449
28547429
365687
29740981
34324070
364821
28310930
27646203
28310951
26241457
29593805
28977136
28768109
28935309
35476188
29535531
32957955
31134728
37764144
30706318
403710369
417859220
405253305
440240332
423015580
458238990
446508084
486188245
479504738
481292261
473714399
496352030
497862716
422428548
488054002
479219330
466333489
502399247
460649803
477251425
478611572
491294068
