143474
64886
108418
233840
185821
186560
167942
280175
190526
32507038
255973
176053
307525
453189433
25642714
256468
25640778
254037
326997
210049
27836179
31234853
280098
26113988
299757
64317
85491
443277477
326784
176813
142604
28314060
255294
5242760
190495
307684
155910
255677
156050
142944
25638438
233882
34532800
186345
26425118
155883
142647
150432
189688
189895
28427733
142356
167959
26620756
28314058
27646687
255907
25638240
63650
25959719
110236
110149
187374
28815250
188432
139377
139357
25642121
168091
168089
190360
26075648
27731176
110167
108493
108245
167880
108134
65528
28563317
188647
65099
185699
186160
185908
32192436
118261
308353
280266
27808044
25641369
108886
28285910
26562739
65538
27566765
108242
185906
362996
209758
