34003244
33955370
121115
121055
121048
33668666
33715408
34040867
33668914
33705372
33933901
334537
33941214
498880929
241816
241774
241673
89151
89078
119882
119901
119903
119883
119884
119885
119887
119889
119897
119906
119891
119895
119899
119905
119907
119908
119910
119912
119914
119916
119918
119920
119893
206956
5276763
176470
176485
176542
176553
109558
109560
109566
109568
109570
93176
93161
93227
93155
93140
5252205
5252206
5252207
5252208
5252209
5252210
5252211
5252212
5252213
5252214
5252215
5252216
5252217
5252218
5252219
5252220
5252221
5252222
5252223
5252224
5252225
5252226
5252227
5252228
5252229
5252230
5252231
5252232
5252233
5252234
124283
5271623
83994
285005
206924
206927
206973
206979
5268465
5268466
77390
180598
299748
5285955
250523
159735
159739
159748
159754
73872
116171
116177
116189
365912
365992
294729
294730
294752
5254287
5254288
5254289
5254290
5254291
5254292
5254293
5254294
5254295
5254296
5254297
5254298
5254299
5254300
5254302
5254303
5254304
5254305
5254306
5254307
5254308
5254309
5254310
5254311
5254312
5254313
5254314
5254315
5254316
5254317
5254318
5254319
5254320
5254322
5254323
276777
301310
301312
301316
301323
301261
327829
212262
212266
212293
212289
212220
212236
230530
258820
249861
319374
317656
284318
230494
215303
245244
229793
355107
355111
355099
33872679
367436
367390
367432
5273658
177733
5241174
5276667
232159
232126
232097
212422
212404
212452
119659
117504
119727
96594
96770
85310
85317
85265
85257
85255
218649
218164
218608
263796
284958
284964
284966
284976
146201
145954
146082
27770955
368999
369062
153185
153147
153201
34040887
249802
99227
371433
371434
371422
371457
371475
32680489
138200
138205
138216
33891670
33891674
33891672
392657
237401
237402
164321
164323
164326
288669
288672
288676
288686
288692
288707
330998
229367
229369
229371
229384
288617
288624
288646
169027
169029
169035
211871
211875
284938
284944
284948
284956
5285415
143554
143562
117102
117113
117117
117123
117133
329184
329192
160768
160775
160802
160806
104774
104777
151210
151212
151217
288094
301521
301523
301531
113911
113926
113928
113930
113938
113923
113914
109031
283029
256594
256596
256598
258686
258689
258716
281904
281906
281967
201279
201282
201285
201289
357916
357918
357920
357922
304139
304120
317172
317182
317185
5280631
5251525
5278122
288476
288480
288492
288496
240553
240555
240570
211752
211755
211761
211770
211783
333354
333355
177140
177146
177156
118824
118827
192166
192172
192180
66736
66758
157808
143434
143436
143442
143447
143466
143468
143474
143452
143459
143461
143463
330987
331026
357805
115795
207619
104032
5262634
211880
211882
211896
104052
104055
104061
104066
119447
119460
119470
298586
288375
288381
288397
151085
151088
151091
259547
259526
177660
177665
92582
92558
92561
92564
92568
319442
319452
298600
190352
190354
190415
190503
190506
281820
86204
86210
284891
284897
351398
351356
187861
187873
187881
187993
188057
188177
388199
5283989
151821
151811
5284341
391437
357985
357995
348700
348783
355081
245248
356437
356438
177679
177683
177705
177627
177646
211805
211812
211815
211721
211724
211741
329041
329054
104260
193608
193630
104029
104004
104016
117419
117426
317822
317825
92514
92520
92523
284233
284241
284245
86126
86135
193543
193554
193203
317756
317759
317768
357833
357836
357839
357840
357841
357842
352720
352732
352736
352745
198599
198601
198602
5283670
5283671
5283672
5283673
5283674
5283675
5283676
5283677
5283678
5283679
192104
192115
192121
109388
109334
122235
122247
122256
122239
150992
150994
150996
150958
150969
150979
158769
158794
158800
158811
158838
158843
143230
143232
143238
117555
117573
93575
93578
93592
239500
239502
5246608
177549
177561
177567
96573
96559
156528
5257380
192119
192123
192148
192097
192100
86688
86692
121988
121991
150895
150898
150904
92470
92473
92480
92492
86089
86097
86109
193450
193454
193460
193470
328826
328828
328842
351401
351404
351413
351421
118600
118608
118618
118637
284880
284881
284884
66691
66805
66809
66813
5283446
5283445
5283438
283122
5283444
5270544
5270551
5270548
171018
171016
406017884
406017885
406017890
66443
66770
66738
66674
100698
361055
361036
168921
168922
168923
168930
168932
189259
189281
189250
189241
189229
283845
371435
371411
298316
29132068
239396
239389
239392
406907383
443277477
177506
177519
177502
5282665
390685
390602
5282668
5282673
93536
93538
93540
357888
357890
357898
357905
387826
387842
243678
213707
276731
276761
187406
187532
187595
327565
327597
327599
255689
255815
255869
158674
159094
158961
190381
190383
157069
157060
157036
95410
