461080452
446512502
110236
437755948
450567505
421091872
449577773
408814900
247416
417859220
434070571
29850531
419250769
26427662
34380395
472278684
209112
40249713
350773
418990139
27646786
27646196
470759757
409650012
412493245
30051774
28310921
32217150
32957955
28310935
442853666
168091
35476049
404465600
29588431
430787597
476630808
29567189
421423806
208926
29567192
38576323
5243023
27646202
453386046
32531797
447112320
417596830
29593805
462791935
458238990
26090100
498639446
416384214
484683929
481991488
463973320
27562607
473088277
421563717
421091990
25731320
29850546
209238
475072295
409654168
470057375
477251425
406000625
31134728
26241457
28310930
293649
490033991
26241462
465007772
34923114
417859566
155780
32785761
