509106155
509343394
35090368
26494698
504514616
458348749
516479768
29429848
27646203
26508240
480114486
434070571
499536216
29588431
416384214
469745942
491228141
506942692
510964485
512156396
447876853
32957955
466399669
492217974
34775212
478993256
481581910
30635613
476630808
415793652
41635112
510942761
465007772
420400344
27485091
470941110
468878044
454296109
26045007
32785269
486189145
490595932
503485172
29535531
475617132
484760278
29429850
422419979
479102510
467168947
421137892
447926063
479422134
29771089
416890050
191120
29567186
429460900
507533203
507054658
29429851
36117680
29897624
427016019
28095356
503540492
479499123
36841095
27514449
110149
39635694
28288502
422427564
155754
422427046
426850348
498390737
29414460
198477
93391
192334
480131102
415793152
30635706
351059
425570214
461103455
29371179
32531792
30153692
424495559
479387983
29764502
32628933
36921481
105788
29567395
452219312
488249874
466259073
460649803
202725
191249
437755443
410710980
486228042
416385891
490033991
36921480
36894806
29715554
26620072
34183162
443205020
29850535
481991488
442853666
487885426
28940199
504680065
501859804
497862716
501220618
473571722
26343177
502238220
502985278
502124085
410715153
35476773
