429769229
28310930
27646197
422429521
34923114
174080
33166523
458238990
30431367
437755443
407761576
37778314
421423806
36921479
29572804
364821
436514312
34380998
35476048
27646196
439139384
432506345
29850531
31445554
27646202
29588547
27646198
27646205
29436904
419837616
458496083
477251491
470759757
31445772
38576323
292262
513636424
461179947
410181427
425053743
494642547
108108
418602584
461080452
36080207
28656174
33850772
208953
463157222
450853439
29414460
491595749
413829873
139392
472278684
442030816
29431066
36117881
426343036
503623076
447926067
407761964
35618531
