516615798
515796152
516182186
513363414
363293
514761281
422429521
431794542
483378334
363259
461520268
437753708
487578405
465721397
491155259
467297178
488238125
29497622
439142072
427609833
427609827
41642939
29753807
469744893
472137693
472141618
413830888
459400486
513375983
41659253
419374614
32944731
419250233
419250236
28923457
442869201
85571
487009588
28240948
32217062
30375978
32217059
503591294
479805567
28828008
28828012
414586241
31912118
438462712
484629946
511783974
413829844
30841846
28768107
414586243
31421391
386832
